ԥ	0.001001001001
	0.003003003003
Үͻ	0.001001001001
ֻ	0.001001001001
	0.001001001001
	0.001001001001
	0.002002002002
ھ	0.001001001001
	0.001001001001
	0.004004004004
Ϊ	0.00700700700701
ȡ֮	0.001001001001
	0.002002002002
ͼ	0.001001001001
˵	0.001001001001
λ	0.00700700700701
΢ϸ	0.001001001001
	0.001001001001
	0.001001001001
ͭ	0.002002002002
	0.002002002002
ڰ	0.003003003003
	0.001001001001
˵	0.001001001001
	0.001001001001
	0.001001001001
	0.003003003003
滭	0.002002002002
ʱ	0.001001001001
	0.001001001001
а	0.002002002002
	0.002002002002
ҹĻ	0.002002002002
й	0.001001001001
	0.001001001001
	0.001001001001
һ	0.002002002002
	0.001001001001
	0.001001001001
	0.001001001001
	0.001001001001
	0.002002002002
	0.002002002002
	0.001001001001
	0.001001001001
Ȼ	0.001001001001
	0.001001001001
	0.001001001001
	0.001001001001
	0.002002002002
ר	0.001001001001
	0.001001001001
	0.001001001001
	0.001001001001
Ļ	0.001001001001
û	0.001001001001
ͯ	0.001001001001
	0.002002002002
ȥ	0.001001001001
Ӣ	0.004004004004
ʫ	0.004004004004
	0.001001001001
ӭ	0.001001001001
˵	0.003003003003
˹	0.001001001001
	0.001001001001
	0.001001001001
ص	0.001001001001
ɼһ	0.001001001001
	0.001001001001
	0.001001001001
¶	0.001001001001
	0.003003003003
޴	0.001001001001
	0.001001001001
ṩ	0.001001001001
Ӱ	0.001001001001
	0.026026026026
	0.00600600600601
	0.001001001001
	0.001001001001
	0.014014014014
ɴ	0.001001001001
ҹ	0.002002002002
	0.001001001001
С	0.001001001001
˫	0.001001001001
	0.001001001001
	0.001001001001
	0.001001001001
Ҫ	0.001001001001
	0.003003003003
	0.002002002002
	0.001001001001
	0.001001001001
߱	0.001001001001
	0.00600600600601
չ	0.001001001001
	0.001001001001
	0.00500500500501
Ϊ	0.001001001001
	0.001001001001
	0.001001001001
	0.001001001001
Ʈ	0.001001001001
	0.001001001001
	0.001001001001
	0.001001001001
	0.004004004004
ɯʿ	0.002002002002
һ	0.002002002002
	0.001001001001
	0.019019019019
	0.001001001001
	0.001001001001
ֱ	0.001001001001
	0.001001001001
	0.001001001001
	0.002002002002
	0.001001001001
	0.001001001001
ʱ	0.001001001001
	0.001001001001
	0.00600600600601
	0.001001001001
	0.001001001001
һԾ	0.001001001001
	0.002002002002
	0.001001001001
ڼ	0.001001001001
	0.001001001001
	0.001001001001
	0.001001001001
	0.002002002002
	0.001001001001
Ե	0.001001001001
ԴȪ	0.001001001001
	0.001001001001
	0.001001001001
	0.001001001001
	0.001001001001
	0.001001001001
	0.002002002002
	0.001001001001
	0.001001001001
	0.002002002002
	0.001001001001
Ӥ	0.001001001001
ֵ	0.001001001001
Լ	0.001001001001
ر	0.001001001001
	0.001001001001
	0.001001001001
	0.001001001001
	0.001001001001
	0.001001001001
	0.002002002002
ס	0.001001001001
ݲ	0.001001001001
	0.001001001001
	0.002002002002
	0.001001001001
ƥ	0.001001001001
Ƭ	0.001001001001
׺	0.001001001001
Ʈ	0.001001001001
	0.001001001001
	0.002002002002
	0.002002002002
	0.001001001001
ѧ	0.001001001001
	0.001001001001
	0.001001001001
	0.001001001001
	0.004004004004
	0.001001001001
	0.001001001001
	0.004004004004
	0.002002002002
Ŀ	0.001001001001
	0.001001001001
	0.001001001001
	0.001001001001
Ӥ	0.001001001001
֮һ	0.002002002002
׷	0.001001001001
	0.001001001001
ʥ	0.001001001001
	0.001001001001
	0.001001001001
	0.002002002002
	0.001001001001
	0.001001001001
Ʋ	0.001001001001
	0.001001001001
	0.001001001001
	0.01001001001
	0.001001001001
	0.002002002002
	0.001001001001
	0.001001001001
Ϊ	0.001001001001
	0.001001001001
	0.001001001001
	0.002002002002
Ϣ	0.001001001001
ʱ	0.001001001001
	0.003003003003
ѧ	0.001001001001
	0.002002002002
ӹ	0.002002002002
	0.002002002002
	0.001001001001
ÿ	0.001001001001
	0.002002002002
	0.001001001001
	0.001001001001
	0.001001001001
Ҳ	0.00500500500501
	0.002002002002
ڸ	0.001001001001
	0.001001001001
ҹ	0.003003003003
	0.001001001001
	0.002002002002
	0.001001001001
û	0.002002002002
	0.001001001001
	0.001001001001
	0.001001001001
	0.001001001001
	0.001001001001
Լ	0.003003003003
	0.002002002002
γ	0.001001001001
ԭ	0.001001001001
	0.001001001001
	0.002002002002
	0.001001001001
	0.001001001001
	0.002002002002
ȷ	0.001001001001
	0.001001001001
ǻ	0.001001001001
	0.001001001001
	0.001001001001
	0.001001001001
˵	0.001001001001
	0.001001001001
ո	0.001001001001
	0.001001001001
	0.001001001001
Ļ	0.001001001001
λ	0.002002002002
	0.001001001001
һ	0.00900900900901
	0.001001001001
	0.001001001001
	0.001001001001
˼	0.001001001001
	0.001001001001
	0.003003003003
	0.001001001001
	0.002002002002
	0.001001001001
о	0.002002002002
	0.001001001001
˰	0.002002002002
	0.003003003003
Ҫ	0.002002002002
	0.003003003003
ϸ	0.001001001001
	0.1001001001
ϵ	0.001001001001
ޱ	0.001001001001
ſ	0.002002002002
ʮ	0.001001001001
	0.001001001001
	0.002002002002
	0.001001001001
Զ	0.001001001001
	0.001001001001
	0.001001001001
	0.001001001001
	0.001001001001
ì	0.001001001001
	0.001001001001
	0.003003003003
	0.001001001001
Ϊ	0.001001001001
	0.001001001001
	0.001001001001
	0.001001001001
һ	0.012012012012
	0.002002002002
	0.001001001001
	0.001001001001
֮	0.001001001001
ʫ	0.001001001001
	0.001001001001
	0.001001001001
	0.001001001001
	0.001001001001
	0.001001001001
	0.001001001001
	0.001001001001
	0.001001001001
	0.001001001001
	0.001001001001
ǰ	0.001001001001
ɫ	0.001001001001
	0.001001001001
	0.001001001001
ɫ	0.001001001001
ʱ	0.001001001001
	0.001001001001
һ	0.002002002002
	0.001001001001
	0.001001001001
	0.002002002002
	0.001001001001
ռ	0.001001001001
	0.003003003003
	0.00700700700701
	0.001001001001
ΰ	0.002002002002
	0.001001001001
ܵ	0.001001001001
	0.002002002002
ʶ	0.001001001001
	0.001001001001
	0.001001001001
	0.001001001001
ʫ	0.001001001001
	0.001001001001
׶	0.001001001001
˹	0.001001001001
ȱ	0.001001001001
	0.001001001001
ƴ	0.001001001001
	0.001001001001
Ũ	0.001001001001
	0.016016016016
	0.001001001001
	0.001001001001
ḻ	0.003003003003
	0.001001001001
	0.001001001001
ڽ	0.004004004004
̫	0.001001001001
	0.001001001001
	0.001001001001
	0.001001001001
	0.001001001001
	0.001001001001
	0.001001001001
õ	0.001001001001
Ҫ	0.001001001001
ʽ	0.001001001001
ɾ	0.001001001001
ʹ	0.003003003003
	0.001001001001
	0.001001001001
ʱ	0.002002002002
ͼ	0.001001001001
	0.001001001001
ʫ	0.00500500500501
ʥ	0.001001001001
Բ	0.001001001001
	0.003003003003
	0.004004004004
վ	0.001001001001
	0.001001001001
þ	0.002002002002
	0.001001001001
	0.001001001001
	0.001001001001
	0.001001001001
ʼ	0.001001001001
	0.001001001001
ѧ	0.003003003003
ʹ	0.002002002002
	0.001001001001
	0.001001001001
ŷ	0.001001001001
	0.001001001001
	0.001001001001
	0.001001001001
ʫ	0.00600600600601
	0.002002002002
	0.00900900900901
	0.00700700700701
˹	0.001001001001
Ļ	0.001001001001
	0.001001001001
	0.001001001001
ظ	0.002002002002
	0.003003003003
֮	0.00500500500501
	0.001001001001
	0.001001001001
	0.00500500500501
γ̱	0.001001001001
˹˹	0.001001001001
̼	0.001001001001
	0.001001001001
ǧ	0.001001001001
	0.001001001001
	0.003003003003
	0.001001001001
	0.002002002002
	0.001001001001
ѧʷ	0.001001001001
ı	0.002002002002
Ϊ	0.002002002002
	0.001001001001
ҳ	0.001001001001
	0.004004004004
Ȼ	0.001001001001
	0.00500500500501
	0.001001001001
	0.001001001001
	0.003003003003
	0.001001001001
˼	0.001001001001
	0.001001001001
	0.001001001001
	0.001001001001
	0.001001001001
	0.001001001001
ʮ	0.001001001001
ǳ	0.001001001001
Ʒ	0.003003003003
	0.001001001001
	0.001001001001
	0.001001001001
	0.001001001001
ٷ	0.001001001001
	0.001001001001
Ӣ	0.001001001001
	0.001001001001
	0.001001001001
	0.002002002002
	0.00500500500501
ʮ	0.001001001001
λ	0.001001001001
	0.003003003003
	0.001001001001
	0.004004004004
ͼ	0.003003003003
	0.001001001001
д	0.003003003003
	0.003003003003
	0.00800800800801
	0.001001001001
	0.001001001001
ʶ	0.001001001001
	0.001001001001
	0.001001001001
ʱ	0.001001001001
	0.001001001001
Ҷ	0.001001001001
	0.002002002002
ɲ	0.001001001001
	0.001001001001
	0.002002002002
	0.001001001001
ƫִ	0.001001001001
	0.001001001001
	0.004004004004
ӡ	0.001001001001
Լ	0.001001001001
	0.001001001001
ʫ	0.003003003003
	0.001001001001
	0.001001001001
	0.001001001001
	0.001001001001
Ҫ	0.002002002002
	0.001001001001
ϵ	0.003003003003
	0.002002002002
	0.00500500500501
	0.001001001001
ͼ	0.002002002002
	0.00600600600601
Բ	0.002002002002
	0.001001001001
	0.003003003003
	0.002002002002
	0.001001001001
·	0.001001001001
ͬʱ	0.001001001001
	0.001001001001
¥	0.001001001001
	0.004004004004
	0.001001001001
	0.002002002002
	0.001001001001
	0.001001001001
	0.001001001001
ͼ	0.002002002002
Ϳ	0.001001001001
ƪ	0.001001001001
Ԥ	0.002002002002
ɬ	0.001001001001
֥	0.001001001001
	0.001001001001
	0.001001001001
Դ	0.001001001001
ո	0.001001001001
һ	0.002002002002
	0.001001001001
Ķ	0.001001001001
	0.002002002002
ĸ	0.002002002002
	0.001001001001
	0.00500500500501
	0.001001001001
	0.001001001001
	0.003003003003
	0.001001001001
Ժ	0.001001001001
	0.001001001001
	0.001001001001
֤	0.001001001001
	0.001001001001
ѧ	0.001001001001
ֱ	0.001001001001
Ƿ	0.001001001001
