	0.01
	0.01
	0.01
Ȼ	0.01
Ӱ	0.01
	0.01
Ũ	0.01
	0.01
	0.01
	0.02
	0.01
	0.01
	0.01
	0.01
	0.12
	0.01
	0.01
һ	0.01
	0.01
ǰ	0.01
	0.01
	0.01
	0.01
и	0.01
ж	0.01
	0.01
	0.01
	0.02
é	0.01
	0.01
	0.01
	0.01
	0.01
	0.01
ɽ	0.01
	0.01
	0.01
	0.01
	0.01
	0.01
	0.01
ңԶ	0.01
С	0.01
	0.02
	0.02
	0.01
	0.01
ũ	0.01
	0.01
	0.01
	0.01
Щ	0.01
	0.01
ĳ	0.01
	0.01
	0.01
Ұ	0.01
	0.01
	0.01
	0.01
	0.01
	0.02
	0.02
	0.02
	0.01
	0.01
ˮʻ	0.01
¶	0.01
	0.01
	0.02
ͻȻ	0.01
	0.01
Ұ	0.01
	0.01
Ȼ	0.01
	0.01
Ϣ	0.01
Ļ	0.01
	0.01
һ	0.01
	0.01
