׼	0.001414427157
	0.001414427157
һ	0.001414427157
	0.002828854314
	0.001414427157
Ŀǰ	0.001414427157
	0.001414427157
	0.002828854314
	0.001414427157
	0.001414427157
	0.001414427157
	0.001414427157
׺	0.001414427157
	0.001414427157
	0.002828854314
	0.001414427157
㷺	0.001414427157
ְ	0.011315417256
	0.001414427157
	0.001414427157
	0.002828854314
ʷ	0.001414427157
	0.002828854314
	0.002828854314
ѧϰ	0.001414427157
	0.002828854314
ͷ	0.001414427157
	0.001414427157
	0.001414427157
	0.001414427157
ڶ	0.001414427157
ͷ	0.001414427157
	0.001414427157
ȴ	0.002828854314
	0.001414427157
Ļ	0.001414427157
ⲿ	0.001414427157
ȥ	0.001414427157
Ȳ	0.001414427157
	0.001414427157
ʫ	0.001414427157
˵	0.001414427157
һ	0.001414427157
	0.001414427157
	0.001414427157
	0.00565770862801
	0.002828854314
һʱ	0.001414427157
	0.001414427157
ע	0.001414427157
ѡ	0.001414427157
֪	0.001414427157
	0.00565770862801
ת	0.001414427157
	0.001414427157
	0.015558698727
ֵ	0.001414427157
	0.001414427157
	0.001414427157
	0.011315417256
	0.001414427157
Ӧ	0.001414427157
	0.002828854314
	0.001414427157
	0.001414427157
	0.002828854314
ʼ	0.001414427157
ɼ	0.001414427157
	0.00990099009901
	0.001414427157
ʱ	0.001414427157
С	0.001414427157
	0.001414427157
	0.002828854314
	0.001414427157
	0.001414427157
һ	0.002828854314
	0.022630834512
ٰ	0.001414427157
	0.001414427157
	0.001414427157
	0.001414427157
	0.001414427157
Ϭţ	0.001414427157
̨	0.001414427157
	0.001414427157
	0.001414427157
	0.00707213578501
Ԫ	0.001414427157
Ӯ	0.001414427157
ĸ	0.001414427157
	0.001414427157
	0.001414427157
	0.001414427157
	0.001414427157
	0.001414427157
	0.001414427157
ʱ	0.001414427157
	0.00707213578501
ͯ	0.00707213578501
	0.001414427157
	0.004243281471
	0.002828854314
Ե	0.001414427157
Ӱ	0.001414427157
ס	0.001414427157
	0.001414427157
	0.001414427157
	0.002828854314
	0.002828854314
Ũ	0.001414427157
	0.001414427157
Ȼ	0.001414427157
Ϊ	0.002828854314
	0.001414427157
	0.001414427157
ҳ	0.001414427157
ɫ	0.001414427157
׷	0.001414427157
Ϣ	0.001414427157
	0.001414427157
	0.001414427157
	0.001414427157
	0.001414427157
	0.001414427157
	0.00707213578501
	0.001414427157
ͯ	0.001414427157
ɰ	0.025459688826
ֳ	0.002828854314
	0.001414427157
	0.001414427157
	0.001414427157
	0.002828854314
	0.001414427157
	0.001414427157
	0.002828854314
ȿֺ	0.001414427157
Ʊ	0.002828854314
	0.001414427157
	0.002828854314
װ	0.001414427157
	0.001414427157
	0.002828854314
	0.001414427157
	0.001414427157
	0.001414427157
쳣	0.001414427157
˶	0.001414427157
λ	0.001414427157
	0.00565770862801
	0.001414427157
	0.001414427157
	0.001414427157
	0.002828854314
û	0.001414427157
ͷ	0.001414427157
ҵ	0.001414427157
	0.001414427157
С	0.002828854314
	0.001414427157
	0.001414427157
Ҳ	0.004243281471
Ԫ	0.001414427157
	0.00990099009901
ҹ	0.001414427157
԰	0.001414427157
һ	0.011315417256
	0.001414427157
ƺ	0.001414427157
Ҫ	0.004243281471
	0.001414427157
	0.001414427157
	0.001414427157
	0.001414427157
	0.001414427157
ô	0.001414427157
ӳ	0.001414427157
	0.001414427157
	0.001414427157
ÿ	0.001414427157
ид	0.001414427157
	0.004243281471
㼯	0.001414427157
	0.001414427157
ĥ	0.001414427157
Ʒ	0.004243281471
	0.001414427157
̨	0.001414427157
֮	0.002828854314
	0.002828854314
ݳ	0.004243281471
Թ	0.002828854314
	0.001414427157
	0.001414427157
μ	0.001414427157
̨	0.00990099009901
	0.002828854314
	0.00565770862801
	0.004243281471
	0.001414427157
Ϸ	0.001414427157
	0.0707213578501
ϴ	0.001414427157
	0.002828854314
	0.001414427157
޾֮	0.002828854314
˹	0.001414427157
	0.001414427157
ת	0.00565770862801
	0.001414427157
	0.001414427157
	0.001414427157
ٮٮ	0.001414427157
	0.001414427157
ľ	0.00848656294201
	0.004243281471
	0.00565770862801
	0.001414427157
	0.001414427157
	0.002828854314
Ϊ	0.002828854314
	0.002828854314
һ	0.001414427157
	0.004243281471
	0.001414427157
ɾ	0.001414427157
	0.001414427157
	0.001414427157
רҵ	0.001414427157
	0.004243281471
	0.001414427157
	0.001414427157
Ů	0.004243281471
	0.001414427157
	0.001414427157
	0.001414427157
	0.001414427157
	0.002828854314
	0.002828854314
	0.002828854314
	0.001414427157
ֱ	0.001414427157
Ů	0.001414427157
	0.00848656294201
糡	0.002828854314
	0.004243281471
	0.001414427157
	0.001414427157
	0.001414427157
	0.002828854314
̿	0.001414427157
	0.001414427157
Է	0.001414427157
	0.002828854314
к	0.001414427157
ʱ	0.002828854314
ˣ	0.001414427157
	0.00707213578501
	0.002828854314
	0.004243281471
	0.001414427157
	0.001414427157
	0.001414427157
	0.002828854314
	0.001414427157
	0.001414427157
	0.001414427157
ܶ	0.001414427157
Ѿ	0.002828854314
	0.001414427157
	0.002828854314
¹	0.001414427157
	0.001414427157
ʼ	0.002828854314
	0.001414427157
	0.002828854314
	0.001414427157
Ī	0.001414427157
	0.001414427157
ƹ	0.001414427157
	0.001414427157
	0.001414427157
͸	0.001414427157
	0.001414427157
ʱ޿	0.001414427157
	0.001414427157
	0.001414427157
	0.002828854314
	0.001414427157
ǰ	0.001414427157
ֹ	0.001414427157
ÿ	0.001414427157
	0.001414427157
	0.001414427157
˵	0.001414427157
	0.002828854314
ӳ	0.002828854314
	0.001414427157
	0.002828854314
	0.001414427157
	0.00565770862801
	0.001414427157
	0.001414427157
	0.00707213578501
	0.002828854314
㵸	0.001414427157
	0.001414427157
	0.001414427157
	0.001414427157
С	0.001414427157
ȡ	0.001414427157
	0.00990099009901
	0.001414427157
	0.001414427157
	0.002828854314
̻Ҹ	0.001414427157
	0.001414427157
	0.001414427157
	0.001414427157
	0.001414427157
	0.018387553041
ָʹ	0.001414427157
С	0.00990099009901
һ	0.001414427157
ȵ	0.00565770862801
	0.001414427157
	0.001414427157
	0.001414427157
ͻȻ	0.001414427157
	0.001414427157
	0.001414427157
	0.001414427157
	0.001414427157
ˮ	0.001414427157
Ƴ	0.001414427157
	0.001414427157
	0.001414427157
Ƴ	0.001414427157
ϸ	0.001414427157
	0.001414427157
	0.001414427157
	0.001414427157
ͧ	0.001414427157
	0.004243281471
	0.002828854314
	0.001414427157
	0.001414427157
	0.002828854314
	0.001414427157
	0.001414427157
	0.001414427157
껪	0.001414427157
޴	0.002828854314
	0.001414427157
ͱ	0.001414427157
	0.00565770862801
	0.001414427157
	0.002828854314
	0.001414427157
ͯ	0.004243281471
	0.001414427157
	0.001414427157
ϻ	0.002828854314
ֻ	0.00565770862801
֮ǰ	0.001414427157
	0.00565770862801
	0.002828854314
	0.001414427157
	0.001414427157
	0.001414427157
	0.011315417256
ϴ	0.001414427157
	0.002828854314
	0.001414427157
Ϸ	0.002828854314
	0.002828854314
ʵ	0.001414427157
	0.001414427157
Ժ	0.002828854314
ɫ	0.001414427157
	0.001414427157
ǰ	0.002828854314
	0.001414427157
ռ	0.001414427157
