Ҫ	0.00529100529101
	0.00529100529101
ѭ	0.00529100529101
ý	0.00529100529101
	0.00529100529101
	0.00529100529101
	0.00529100529101
	0.00529100529101
	0.0634920634921
	0.00529100529101
	0.00529100529101
Сѧ	0.00529100529101
ȴ	0.00529100529101
	0.00529100529101
ͬ	0.00529100529101
	0.00529100529101
	0.00529100529101
ͼ	0.026455026455
	0.00529100529101
	0.015873015873
ѧ	0.00529100529101
Ϊ	0.00529100529101
	0.026455026455
δ	0.00529100529101
	0.00529100529101
	0.00529100529101
Ϊ	0.00529100529101
	0.010582010582
	0.00529100529101
	0.00529100529101
	0.00529100529101
	0.00529100529101
	0.00529100529101
	0.00529100529101
Ϻ	0.00529100529101
	0.00529100529101
	0.00529100529101
	0.00529100529101
	0.00529100529101
	0.010582010582
Ķ	0.00529100529101
	0.015873015873
	0.010582010582
ߺ	0.00529100529101
	0.00529100529101
ʮһ	0.00529100529101
	0.010582010582
̼	0.00529100529101
	0.00529100529101
	0.00529100529101
	0.00529100529101
	0.00529100529101
	0.00529100529101
	0.00529100529101
	0.010582010582
	0.010582010582
	0.00529100529101
Ⱥ	0.00529100529101
ѧУ	0.00529100529101
	0.010582010582
	0.00529100529101
	0.00529100529101
	0.015873015873
	0.00529100529101
	0.00529100529101
	0.00529100529101
Ļ	0.00529100529101
չ	0.00529100529101
	0.00529100529101
	0.00529100529101
	0.00529100529101
˵	0.00529100529101
	0.00529100529101
	0.00529100529101
Сʱ	0.00529100529101
ܷ	0.00529100529101
	0.00529100529101
е	0.010582010582
	0.00529100529101
	0.00529100529101
	0.00529100529101
	0.00529100529101
	0.00529100529101
	0.021164021164
	0.00529100529101
	0.00529100529101
Χ	0.00529100529101
	0.00529100529101
Ҳ	0.00529100529101
	0.00529100529101
	0.00529100529101
	0.00529100529101
	0.00529100529101
	0.010582010582
	0.00529100529101
	0.00529100529101
	0.00529100529101
̳	0.00529100529101
	0.00529100529101
	0.010582010582
	0.00529100529101
	0.00529100529101
	0.00529100529101
Լ	0.00529100529101
ͬʱ	0.00529100529101
	0.00529100529101
Щ	0.00529100529101
վ	0.00529100529101
	0.00529100529101
	0.00529100529101
	0.00529100529101
	0.00529100529101
	0.00529100529101
ӳ	0.00529100529101
	0.00529100529101
	0.010582010582
	0.00529100529101
	0.00529100529101
	0.042328042328
	0.00529100529101
	0.00529100529101
֮	0.00529100529101
ͬѧ	0.00529100529101
	0.015873015873
Խ	0.010582010582
	0.00529100529101
	0.00529100529101
	0.00529100529101
	0.00529100529101
ʺ	0.00529100529101
һ	0.00529100529101
Ӫ	0.00529100529101
	0.00529100529101
ʹ	0.00529100529101
	0.00529100529101
С	0.00529100529101
ע	0.00529100529101
	0.00529100529101
ֻ	0.00529100529101
	0.00529100529101
