	0.00390625
	0.00390625
	0.01171875
	0.00390625
	0.0078125
	0.0078125
	0.05859375
	0.00390625
	0.0078125
	0.00390625
	0.00390625
г	0.00390625
	0.0078125
ƽ	0.00390625
Ŀǰ	0.00390625
ִ	0.00390625
	0.0078125
߶	0.00390625
ʵ	0.00390625
Ȼ	0.00390625
͹	0.00390625
	0.00390625
	0.0078125
	0.00390625
	0.00390625
	0.00390625
	0.00390625
	0.00390625
Ϊ	0.00390625
	0.00390625
	0.0078125
	0.00390625
ֵ	0.00390625
	0.00390625
Ȩ	0.00390625
	0.00390625
	0.00390625
һ	0.01171875
	0.00390625
	0.00390625
λ	0.0078125
Ȼ	0.00390625
	0.00390625
Ӧ	0.00390625
ҹ	0.00390625
ɴ˿ɼ	0.00390625
	0.00390625
Ա	0.0078125
	0.01171875
Ʋ	0.00390625
Ͼ	0.00390625
	0.00390625
	0.03515625
	0.0078125
	0.00390625
λ	0.00390625
	0.00390625
	0.00390625
֮һ	0.00390625
	0.00390625
	0.00390625
	0.0078125
	0.00390625
Ȩ	0.00390625
	0.00390625
	0.00390625
	0.00390625
֯	0.0078125
Ͷ	0.00390625
	0.00390625
	0.00390625
	0.0078125
Ȩ	0.01171875
չ	0.0078125
Ȩ	0.0078125
Ȼ	0.00390625
	0.00390625
	0.0078125
	0.00390625
ҵ	0.07421875
	0.00390625
ȶ	0.00390625
ѧ	0.00390625
	0.0234375
	0.00390625
ʶ	0.00390625
κ	0.00390625
	0.00390625
	0.00390625
	0.0078125
ÿ	0.00390625
	0.00390625
⵽	0.00390625
Ⱥ	0.00390625
	0.00390625
Ƕ	0.0078125
ʵ	0.00390625
ԽԽ	0.00390625
	0.00390625
	0.0078125
Ȩ	0.00390625
	0.00390625
һ	0.01171875
	0.00390625
	0.00390625
õ	0.00390625
Դ	0.00390625
Ҫ	0.0078125
Ҫ	0.00390625
	0.01953125
	0.00390625
	0.00390625
ʹ	0.00390625
	0.00390625
	0.00390625
	0.00390625
	0.00390625
Ӷ	0.00390625
	0.00390625
	0.00390625
	0.0078125
	0.00390625
ѧ	0.00390625
	0.00390625
	0.00390625
˳Ӧ	0.00390625
Ͼ	0.00390625
ַ	0.00390625
ע	0.00390625
	0.00390625
	0.0078125
	0.00390625
	0.00390625
Ͷ	0.0078125
Ͷ	0.01171875
һ	0.00390625
	0.00390625
	0.00390625
	0.00390625
Ϊ	0.00390625
Ҳ	0.01171875
֮	0.01171875
	0.00390625
	0.00390625
	0.00390625
	0.00390625
	0.00390625
ѡ	0.0078125
	0.00390625
	0.0078125
	0.0078125
	0.0078125
	0.0078125
	0.0078125
ƽ	0.00390625
	0.00390625
	0.00390625
ʵ	0.00390625
ƫ	0.00390625
	0.00390625
ֻ	0.00390625
	0.00390625
