	0.00625
	0.003125
	0.00625
Ϊ	0.003125
	0.0125
	0.003125
֮	0.003125
	0.040625
й	0.003125
	0.003125
	0.003125
˾	0.00625
	0.003125
ϯ	0.003125
	0.009375
	0.009375
	0.00625
	0.00625
	0.0125
	0.003125
»	0.00625
	0.003125
	0.003125
Ϊ	0.0125
绰	0.00625
ܲ	0.003125
	0.040625
	0.00625
	0.009375
ָ	0.003125
	0.003125
	0.003125
	0.009375
ͬ	0.003125
	0.003125
	0.0125
	0.003125
ö	0.003125
ƽ	0.00625
ɷ	0.003125
	0.021875
	0.00625
Գ	0.003125
ѩ	0.003125
	0.00625
	0.009375
	0.003125
	0.021875
	0.009375
	0.003125
ʽ	0.003125
	0.015625
ͥ	0.009375
һֱ	0.003125
	0.0125
	0.003125
	0.003125
	0.003125
	0.003125
	0.00625
С	0.0125
ص	0.003125
	0.00625
϶	0.003125
Ҫ	0.003125
Դ	0.00625
	0.0125
	0.00625
Ӧ	0.00625
	0.009375
	0.003125
ȴ	0.003125
	0.003125
	0.003125
Լ	0.003125
	0.009375
Ÿ	0.003125
ܾ	0.009375
ô	0.003125
	0.003125
	0.009375
	0.003125
	0.003125
˽	0.003125
ˮ	0.0125
	0.00625
ò	0.003125
	0.01875
칫	0.00625
	0.003125
ҵ	0.003125
	0.003125
	0.00625
	0.003125
	0.00625
	0.00625
	0.003125
	0.009375
ͥ	0.009375
	0.0125
	0.00625
	0.00625
	0.00625
һ	0.003125
	0.00625
ʸڷ	0.003125
	0.00625
û	0.003125
	0.003125
	0.009375
	0.003125
ʾ	0.00625
	0.00625
	0.003125
ϵ	0.009375
	0.0125
ð	0.003125
	0.0125
ͥ	0.009375
ʱ	0.00625
	0.00625
	0.003125
칫	0.003125
	0.003125
	0.0125
Ͷ	0.015625
	0.00625
Ȼ	0.00625
˰	0.003125
	0.025
	0.0125
ٲ	0.015625
̹	0.003125
	0.003125
	0.003125
ո	0.003125
֮ǰ	0.003125
	0.00625
Ͻ	0.003125
	0.003125
	0.003125
	0.003125
ְԱ	0.003125
ͥ	0.003125
㶫ʡ	0.00625
	0.003125
	0.003125
	0.003125
ʵ	0.003125
Ŷ»	0.003125
	0.003125
ֱ	0.003125
	0.00625
	0.003125
