̫	0.001414427157
	0.004243281471
취	0.002828854314
	0.001414427157
	0.001414427157
	0.001414427157
ͬ	0.001414427157
Ȼ	0.001414427157
	0.001414427157
	0.001414427157
	0.001414427157
Ϊ	0.002828854314
	0.001414427157
	0.001414427157
Ӱ	0.001414427157
	0.001414427157
׺	0.001414427157
ܰ	0.001414427157
	0.001414427157
	0.001414427157
	0.002828854314
ȶ	0.001414427157
ѧ	0.001414427157
Ϻ	0.001414427157
	0.001414427157
ľ	0.001414427157
	0.001414427157
ι	0.004243281471
	0.004243281471
ʱ	0.001414427157
ƾ֤	0.001414427157
	0.001414427157
	0.001414427157
ʷ	0.002828854314
	0.00565770862801
ϴ	0.001414427157
Ʒ	0.001414427157
	0.001414427157
һ	0.001414427157
	0.001414427157
	0.001414427157
֮	0.001414427157
	0.00565770862801
	0.004243281471
	0.001414427157
	0.001414427157
ӵ	0.001414427157
	0.004243281471
	0.001414427157
Ҫ	0.001414427157
	0.002828854314
λ	0.001414427157
С	0.001414427157
	0.001414427157
	0.001414427157
	0.001414427157
Ļ	0.00707213578501
ȫ	0.001414427157
Ȧ	0.001414427157
ƽ	0.001414427157
	0.001414427157
	0.001414427157
˭	0.001414427157
˵	0.004243281471
ȡ	0.001414427157
ص	0.001414427157
	0.001414427157
ȵ	0.001414427157
	0.001414427157
	0.004243281471
	0.001414427157
԰	0.004243281471
	0.001414427157
	0.002828854314
	0.001414427157
	0.002828854314
	0.001414427157
	0.002828854314
	0.001414427157
	0.001414427157
	0.002828854314
	0.002828854314
	0.001414427157
	0.001414427157
	0.001414427157
	0.00990099009901
ζ	0.001414427157
	0.001414427157
	0.001414427157
ʹ	0.001414427157
	0.001414427157
ʮ	0.001414427157
	0.001414427157
	0.001414427157
	0.001414427157
	0.001414427157
	0.001414427157
	0.001414427157
չ	0.001414427157
	0.001414427157
	0.01414427157
Դ	0.001414427157
ȫ	0.001414427157
ͬ	0.001414427157
	0.001414427157
	0.001414427157
Э	0.001414427157
Լ	0.001414427157
	0.002828854314
Ը	0.001414427157
	0.002828854314
԰	0.00707213578501
	0.001414427157
	0.001414427157
	0.00565770862801
	0.001414427157
	0.001414427157
	0.001414427157
	0.002828854314
	0.001414427157
	0.001414427157
	0.001414427157
	0.001414427157
ī	0.004243281471
ɫ	0.001414427157
	0.001414427157
	0.002828854314
ʢ	0.001414427157
	0.001414427157
ά	0.001414427157
	0.004243281471
	0.00990099009901
	0.001414427157
	0.002828854314
	0.001414427157
	0.001414427157
	0.001414427157
ر	0.001414427157
	0.001414427157
	0.001414427157
	0.001414427157
Ч	0.001414427157
	0.001414427157
Ч	0.002828854314
	0.001414427157
Ϊ	0.001414427157
	0.001414427157
һ	0.001414427157
	0.001414427157
ס	0.001414427157
һ	0.001414427157
ī	0.00848656294201
	0.001414427157
	0.001414427157
ײ	0.004243281471
˵	0.001414427157
̵	0.001414427157
	0.001414427157
ٰ	0.001414427157
	0.001414427157
Ϊ	0.001414427157
	0.002828854314
ֳ	0.001414427157
	0.001414427157
	0.001414427157
	0.002828854314
֮һ	0.001414427157
	0.001414427157
ǻ	0.001414427157
ʲô	0.001414427157
	0.001414427157
	0.001414427157
	0.002828854314
չ	0.001414427157
Ȫ	0.001414427157
һЩ	0.001414427157
˿	0.004243281471
Ӧ	0.001414427157
	0.001414427157
	0.001414427157
ĳЩ	0.001414427157
	0.001414427157
	0.001414427157
	0.001414427157
Ҳ	0.011315417256
	0.001414427157
԰	0.001414427157
һ	0.00565770862801
Ҫ	0.001414427157
	0.004243281471
ʵ	0.001414427157
ȳ	0.001414427157
ƶ	0.001414427157
	0.001414427157
󲿷	0.001414427157
	0.001414427157
	0.001414427157
	0.001414427157
ռ	0.001414427157
	0.00565770862801
	0.001414427157
ĸ	0.001414427157
ռ	0.001414427157
	0.002828854314
	0.001414427157
·	0.001414427157
	0.00565770862801
	0.001414427157
ס	0.001414427157
	0.001414427157
ɽ֮ʯ	0.001414427157
ڶ	0.001414427157
	0.001414427157
	0.002828854314
Ա	0.002828854314
	0.002828854314
ȵ	0.002828854314
	0.002828854314
	0.0579915134371
	0.001414427157
	0.001414427157
ƽ	0.001414427157
	0.001414427157
	0.001414427157
	0.001414427157
ɭ	0.00565770862801
	0.001414427157
	0.001414427157
Ƿ	0.002828854314
	0.001414427157
󲿷	0.001414427157
	0.001414427157
ֳ	0.001414427157
˹	0.001414427157
	0.001414427157
Ľ	0.001414427157
	0.002828854314
	0.001414427157
һ	0.001414427157
	0.002828854314
ѧ	0.001414427157
	0.001414427157
	0.001414427157
һ	0.004243281471
	0.004243281471
	0.004243281471
	0.016973125884
	0.001414427157
԰	0.04243281471
	0.001414427157
	0.004243281471
	0.001414427157
岼	0.001414427157
羰	0.001414427157
ɽ	0.001414427157
ī	0.00990099009901
	0.001414427157
	0.001414427157
	0.002828854314
ܽ	0.001414427157
	0.001414427157
	0.001414427157
	0.00707213578501
	0.001414427157
	0.002828854314
ͯ	0.001414427157
	0.001414427157
	0.001414427157
ר	0.001414427157
֤	0.001414427157
ؼ	0.001414427157
	0.019801980198
ͨ	0.001414427157
С	0.001414427157
	0.001414427157
	0.001414427157
	0.001414427157
	0.001414427157
	0.002828854314
ȫ	0.001414427157
	0.001414427157
ն	0.00565770862801
С	0.001414427157
ά	0.001414427157
Ҫ	0.002828854314
	0.001414427157
Ϊ	0.002828854314
ʮ	0.001414427157
	0.001414427157
	0.001414427157
	0.002828854314
	0.001414427157
	0.001414427157
ƽʱ	0.001414427157
Ͷ	0.001414427157
	0.001414427157
󻬼	0.001414427157
Υ	0.001414427157
Ʒ	0.001414427157
Լͬ	0.001414427157
޽	0.001414427157
	0.004243281471
	0.00565770862801
	0.00565770862801
һ	0.001414427157
	0.001414427157
	0.002828854314
	0.001414427157
Ƭ	0.001414427157
	0.001414427157
	0.001414427157
	0.001414427157
	0.004243281471
̯	0.001414427157
涨	0.001414427157
ǰ	0.001414427157
ռ	0.001414427157
	0.001414427157
	0.001414427157
	0.001414427157
¶	0.002828854314
ϰ	0.001414427157
	0.004243281471
¼	0.001414427157
ƺ	0.001414427157
	0.002828854314
	0.004243281471
	0.001414427157
г	0.001414427157
	0.001414427157
	0.002828854314
չ	0.001414427157
	0.002828854314
	0.001414427157
	0.001414427157
ʵ	0.001414427157
Ϊ	0.001414427157
	0.001414427157
	0.002828854314
δ	0.001414427157
ɧ	0.001414427157
	0.001414427157
	0.001414427157
	0.001414427157
	0.001414427157
	0.004243281471
	0.00707213578501
ʶ	0.002828854314
	0.001414427157
	0.001414427157
	0.00565770862801
	0.001414427157
	0.001414427157
	0.002828854314
	0.001414427157
	0.002828854314
	0.001414427157
	0.001414427157
Сʱ	0.001414427157
	0.001414427157
	0.001414427157
ŦԼ	0.001414427157
	0.001414427157
	0.001414427157
	0.001414427157
	0.001414427157
	0.001414427157
	0.001414427157
	0.002828854314
	0.001414427157
ᴩ	0.001414427157
շ	0.002828854314
	0.001414427157
	0.001414427157
ɨ	0.001414427157
	0.00707213578501
	0.001414427157
	0.001414427157
	0.001414427157
λ	0.001414427157
ڵ	0.001414427157
	0.001414427157
ַ	0.001414427157
	0.001414427157
	0.001414427157
	0.004243281471
	0.001414427157
ϵ	0.001414427157
	0.001414427157
	0.004243281471
	0.001414427157
֮	0.00848656294201
Ѭ	0.001414427157
	0.001414427157
	0.001414427157
һ	0.001414427157
ĩ	0.002828854314
	0.001414427157
С	0.001414427157
	0.002828854314
ʩ	0.001414427157
	0.001414427157
	0.001414427157
	0.004243281471
	0.001414427157
	0.001414427157
	0.001414427157
	0.001414427157
ַ	0.002828854314
Ȱ	0.001414427157
	0.004243281471
ؿ	0.001414427157
	0.001414427157
	0.001414427157
һָ	0.001414427157
	0.001414427157
ι	0.001414427157
